100
100 310
100 310
98 353
97 340
97 323
96 347
96 349
96 338
96 299
93 333
93 308
92 283
90 330
90 302
89 344
89 287
89 326
89 290
89 324
88 288
88 271
87 310
86 313
86 321
86 269
85 273
85 272
85 324
85 348
83 256
82 290
81 359
81 330
81 313
80 265
80 272
79 291
79 247
78 273
77 314
77 359
76 328
76 353
76 271
75 300
75 284
75 261
74 283
74 340
73 246
73 278
72 290
72 330
72 358
72 261
72 241
71 326
70 260
70 248
70 343
70 331
70 300
69 285
69 265
68 344
68 316
67 211
66 351
66 352
65 351
65 215
63 232
63 228
63 311
62 344
62 264
62 314
62 269
60 190
60 360
59 221
59 186
58 282
58 213
58 221
57 216
57 235
57 331
55 166
55 169
54 236
54 167
53 348
53 345
53 196
52 204
52 228
51 213
51 161
51 296