--- Optimization Results ---
Solve Time (seconds): 0.562
Minimum Deposits Found: 58
--- Container Assignments ---
1 82 43 101 199
2 181 151 198
3 92 35 148 194
4 162 2 73 186
5 170 19 200
6 126 14 62 195
7 134 6 167
8 172 53 50 197
9 183 3 153 193
10 155 1 61
11 157 20 129
12 142 76 184
13 161 45 159
14 119 22 166
15 98 49 38 187
16 150 78 182
17 196 160 188
18 104 42 71
19 135 32 24 137
20 91 15 17
21 152 47 29 114 189
22 85 36 31
23 67 12 106
24 146 60 103
25 79 23 125
26 123 59 33 156
27 144 77 177
28 140 54 64 190
29 107 11 164
30 81 57 41 176
31 143 84 165
32 95 56 86 178
33 90 34 139
34 138 16
35 185 109 192
36 120 44 5 121
37 149 48 28 74
38 113 46 30 105
39 89 55 128
40 87 7 37
41 118 63 122
42 175 132
43 124 21 163
44 97 9 40
45 171 93 174
46 154 26 39 88
48 72 52 13
49 131 51 25 117
50 58 66 70 100
51 96 27 83
52 102 4 18
53 136 65 69 8
54 115 10 80 108 173
55 130 68 168
56 112 110 99 158
57 169 75 111 127 94 133 141 179
58 180 145 191
59 147 116
